{"w": 480, "h": 360, "fl_x": 240.0, "fl_y": 180.0, "cx": 240.0, "cy": 180.0, "k1": 0.0, "k2": 0.0, "p1": 0.0, "p2": 0.0, "camera_model": "OPENCV", "frames": [{"file_path": "images/image_3323.042700083.jpeg", "transform_matrix": [[0.043239662957863474, -0.11759041209909334, -0.9921203689722612, -0.4010557434909352], [0.9987566101660602, -0.019573436273626364, 0.045848819418202603, -2.6342852965294616], [-0.024810586387488582, -0.9928692640900953, 0.1165978525887217, -0.7221681109796187], [0.0, 0.0, 0.0, 1.0]], "colmap_im_id": 460}, {"file_path": "images/image_3391.298178041.jpeg", "transform_matrix": [[-0.7895896869000488, -0.0369124428529868, -0.6125239570038936, 4.177523048263437], [0.613609530724051, -0.0383693766706806, -0.7886768252830265, 1.5998182613060905], [0.0056098258166365645, -0.9985816253549473, 0.05294589084885232, -0.596542053219257], [0.0, 0.0, 0.0, 1.0]], "colmap_im_id": 733}, {"file_path": "images/image_3374.809509708.jpeg", "transform_matrix": [[0.36930672148081806, -0.07650924477047226, -0.926152730889318, -1.6392802496535233], [0.9288940824406654, 0.06011729403080637, 0.36543357065974075, 1.1967651879970105], [0.027718749535353644, -0.9952548650587274, 0.09327070548211157, -0.6639955567213213], [0.0, 0.0, 0.0, 1.0]], "colmap_im_id": 667}, {"file_path": "images/image_3367.056998333.jpeg", "transform_matrix": [[0.6932226650630279, -0.09040304680093195, -0.7150312061525854, -4.124422165240618], [0.7187440395859108, 0.013236256390396817, 0.6951487661475737, 1.9322316273242384], [-0.05337923006787879, -0.9958172978241923, 0.07415232397898444, -0.6556004887098231], [0.0, 0.0, 0.0, 1.0]], "colmap_im_id": 636}, {"file_path": "images/image_3378.560724166.jpeg", "transform_matrix": [[0.5053501570704768, -0.0778918308938648, -0.8593916926692079, -1.0420214254464613], [0.8625968600205445, 0.07261364631735731, 0.5006534884041007, 1.0831302606619546], [0.023406747564361088, -0.9943138946270937, 0.10388456632223556, -0.677637268481971], [0.0, 0.0, 0.0, 1.0]], "colmap_im_id": 682}, {"file_path": "images/image_3377.810481291.jpeg", "transform_matrix": [[0.6069047966032725, -0.04598592924487369, -0.7934430428023336, -1.234660342832941], [0.792955388660745, 0.1025426045465331, 0.6005886827494341, 1.0370789647958156], [0.053743087498090265, -0.9936650887317613, 0.09869838895277783, -0.6835625394378883], [0.0, 0.0, 0.0, 1.0]], "colmap_im_id": 679}, {"file_path": "images/image_3388.06379875.jpeg", "transform_matrix": [[-0.09388551261890346, -0.11062380361165057, -0.9894179524320228, 2.792946787926121], [0.9951091983786489, 0.020229607512874413, -0.0966873636111662, 1.194703854397087], [0.03071146076774156, -0.993656448202479, 0.10818349746216126, -0.6369478020284669], [0.0, 0.0, 0.0, 1.0]], "colmap_im_id": 720}, {"file_path": "images/image_3327.0440025.jpeg", "transform_matrix": [[0.036439898064985494, -0.06917298960612231, -0.9969389305960343, 1.2880409806878566], [0.9990190165577071, -0.022597039767396944, 0.03808383318184286, -2.961705976124035], [-0.025162241257193685, -0.9973487210112126, 0.06828169822297042, -0.7010406795767042], [0.0, 0.0, 0.0, 1.0]], "colmap_im_id": 476}, {"file_path": "images/image_3224.543703291.jpeg", "transform_matrix": [[-0.22938301494726895, 0.11930855108535626, -0.9659963261273895, 1.0838270468435143], [0.9732494760644801, 0.014863471935225947, -0.22926956741409402, -2.829570416200526], [-0.012995760613216183, -0.9927459628927956, -0.11952641283892147, -0.7027335098979265], [0.0, 0.0, 0.0, 1.0]], "colmap_im_id": 66}, {"file_path": "images/image_3380.311290625.jpeg", "transform_matrix": [[-0.19125648775421833, -0.07681144766700898, -0.9785299982112039, -0.5290444359565846], [0.9815380097767702, -0.012912538549249815, -0.19083081960645473, 1.1497315566618418], [0.002022685189954068, -0.9969620192642807, 0.077862962242069, -0.6669209593619644], [0.0, 0.0, 0.0, 1.0]], "colmap_im_id": 689}, {"file_path": "images/image_3326.043676958.jpeg", "transform_matrix": [[0.035498574742885675, -0.0946321661142944, -0.994879190820544, 0.8396775215834748], [0.9992811669227335, -0.00989160277094599, 0.03659652480990419, -3.0249804717705246], [-0.013304158175693744, -0.995463163221592, 0.0942130035828267, -0.7133370069313116], [0.0, 0.0, 0.0, 1.0]], "colmap_im_id": 472}, {"file_path": "images/image_3315.323519.jpeg", "transform_matrix": [[0.1197092554182595, -0.025188893025626224, -0.9924894023793651, -3.0544267719350517], [0.9926634283912933, -0.014081240228916407, 0.12008762054458262, -1.4909275645320836], [-0.017000355927157, -0.9995835324482686, 0.023318438125030438, -0.6848662753514372], [0.0, 0.0, 0.0, 1.0]], "colmap_im_id": 428}, {"file_path": "images/image_3316.04041925.jpeg", "transform_matrix": [[0.12673848489558992, -0.02752923635963179, -0.9915540820307412, -2.74136061603527], [0.9918859506831839, -0.00654090904830348, 0.12696250370144024, -1.570686019530121], [-0.009980845840244725, -0.9995995986665248, 0.02647687787553361, -0.6977764883289737], [0.0, 0.0, 0.0, 1.0]], "colmap_im_id": 432}, {"file_path": "images/image_3288.064617875.jpeg", "transform_matrix": [[0.6027914282227683, -0.05798413361526946, 0.7957891267855083, 1.7102295126568923], [-0.7978766119441653, -0.05124201551923673, 0.6006389663999716, 1.0720575550864972], [0.0059503087025095935, -0.9970015527041134, -0.07715243179532293, -0.6362408727236338], [0.0, 0.0, 0.0, 1.0]], "colmap_im_id": 319}, {"file_path": "images/image_3248.301560791.jpeg", "transform_matrix": [[-0.4716386616275841, -0.04929320675449167, 0.8804130579597287, -4.786941361500654], [-0.880145414261092, 0.08730188006467819, -0.46660736330703534, 1.7143016303346439], [-0.05386114196071483, -0.9949615879545458, -0.0845601317504665, -0.6284373482576623], [0.0, 0.0, 0.0, 1.0]], "colmap_im_id": 161}, {"file_path": "images/image_3390.047773708.jpeg", "transform_matrix": [[-0.5189919482371237, -0.0655746370233774, -0.8522601273345406, 3.67503785468286], [0.8547791232940942, -0.039709995612021536, -0.5174705466295381, 1.4034698388262032], [8.969734876517178e-05, -0.9970572116121249, 0.07666099873234168, -0.613630312463847], [0.0, 0.0, 0.0, 1.0]], "colmap_im_id": 728}, {"file_path": "images/image_3260.305513125.jpeg", "transform_matrix": [[0.15286653248512871, 0.08314480733330466, -0.9847429940139106, -2.636821658346409], [0.9881111258050412, -0.029373088251428522, 0.1509093262421779, 1.5478714597562164], [-0.016377616012941874, -0.9961044938660211, -0.08664647132833046, -0.6646985672029987], [0.0, 0.0, 0.0, 1.0]], "colmap_im_id": 209}, {"file_path": "images/image_3436.162656375.jpeg", "transform_matrix": [[-0.8420871567238819, -0.17716988583168694, -0.5094114761517213, -3.906655671620823], [0.29284407491918174, -0.9433487855294332, -0.15599813019671904, -0.9090537770673904], [-0.4529145264455726, -0.2805421543984627, 0.8462650479253245, -0.7335324967507033], [0.0, 0.0, 0.0, 1.0]], "colmap_im_id": 914}, {"file_path": "images/image_3398.300441666.jpeg", "transform_matrix": [[0.6228105062524338, 0.06923498734606028, 0.7793032720506041, 3.389353716453876], [-0.7823705451433887, 0.05746333893557988, 0.6201566695363455, 2.262747031448193], [-0.0018448288875265652, -0.9959440150960122, 0.08995618600635635, -0.5978354066503879], [0.0, 0.0, 0.0, 1.0]], "colmap_im_id": 761}, {"file_path": "images/image_3264.806992541.jpeg", "transform_matrix": [[-0.22968105403532724, 0.08712377176078473, -0.9693585826779456, -0.7771533059923763], [0.9732134468348836, 0.01021382614200972, -0.22967643469739357, 1.3454749376365207], [-0.01010941724266903, -0.9961451330753542, -0.08713594857059935, -0.6434833013227206], [0.0, 0.0, 0.0, 1.0]], "colmap_im_id": 227}, {"file_path": "images/image_3272.3094555.jpeg", "transform_matrix": [[-0.09604473146500285, 0.12410650932535443, -0.9876097325871647, 2.5400844963926756], [0.9953704474108355, 0.015580403435894024, -0.09484157026287407, 1.282205864255347], [0.0036169018466627985, -0.9921465745401989, -0.1250283673778919, -0.6260721069143171], [0.0, 0.0, 0.0, 1.0]], "colmap_im_id": 257}, {"file_path": "images/image_3298.818133666.jpeg", "transform_matrix": [[-0.02725167255830959, -0.05542461220349235, 0.9980909070344584, -1.4347975017844525], [-0.9988649051546252, 0.04053143569529233, -0.025022069677002098, -1.5750247615771142], [-0.03906721890814652, -0.9976398724402364, -0.0564662494257598, -0.658797288893965], [0.0, 0.0, 0.0, 1.0]], "colmap_im_id": 362}, {"file_path": "images/image_3363.305781958.jpeg", "transform_matrix": [[-0.07912520470669177, -0.13914390277371214, -0.9871059600169699, -4.566086235982505], [0.9968182628863443, -0.020600120777769872, -0.07699990779339987, 2.601509218351458], [-0.009620434313216422, -0.9900578818154224, 0.14033117222764174, -0.6535111681261746], [0.0, 0.0, 0.0, 1.0]], "colmap_im_id": 621}, {"file_path": "images/image_3261.806006416.jpeg", "transform_matrix": [[0.17372863924991225, 0.07278139353936627, -0.9821004167898728, -1.9836136266176496], [0.9847881033475956, -0.016159843215131055, 0.17300650557799144, 1.3971079228390824], [-0.003278934189496867, -0.997216991542829, -0.07448167807488412, -0.6489071866077759], [0.0, 0.0, 0.0, 1.0]], "colmap_im_id": 215}, {"file_path": "images/image_3373.559104875.jpeg", "transform_matrix": [[0.07752527780391043, -0.07063145355946274, -0.9944853086242671, -1.9427679515738827], [0.9969709982819547, 0.011712952631995758, 0.07688715969083107, 1.361267587639512], [0.006217707464109805, -0.9974337093304587, 0.07132556067198259, -0.6563615237845541], [0.0, 0.0, 0.0, 1.0]], "colmap_im_id": 662}, {"file_path": "images/image_3372.558780958.jpeg", "transform_matrix": [[0.05861323288727974, -0.11309836902069745, -0.9918534407135764, -2.292081097076979], [0.9980546433191465, -0.014507184672301289, 0.06063390587761479, 1.414983673541232], [-0.021246596894402, -0.9934778812423264, 0.112028039359193, -0.6624158675477809], [0.0, 0.0, 0.0, 1.0]], "colmap_im_id": 658}, {"file_path": "images/image_3372.308699791.jpeg", "transform_matrix": [[0.07845588908015617, -0.10053151096356913, -0.9918357166244941, -2.3877801718988123], [0.9967805375367997, -0.008585773075665066, 0.07971727848178194, 1.4504256611591413], [-0.016529774846954705, -0.9948968287234987, 0.09953424907756134, -0.6580210914689384], [0.0, 0.0, 0.0, 1.0]], "colmap_im_id": 657}, {"file_path": "images/image_3292.3160085.jpeg", "transform_matrix": [[0.9351642203012476, -0.05086268156464666, 0.350543675869944, 0.941336223336847], [-0.353680092189811, -0.07974125777909677, 0.9319612246206457, -0.4466897509313762], [-0.019449253378100464, -0.9955171115715995, -0.09256028906163481, -0.652930841712539], [0.0, 0.0, 0.0, 1.0]], "colmap_im_id": 336}, {"file_path": "images/image_3403.051976833.jpeg", "transform_matrix": [[0.6607619470854768, 0.0533384725979502, 0.7486979742357579, 1.8357220502413842], [-0.750536181474981, 0.05949424227902643, 0.6581457858503682, 1.1668767234082733], [-0.009438727708962159, -0.9968026095855498, 0.07934398491803818, -0.6189433616449137], [0.0, 0.0, 0.0, 1.0]], "colmap_im_id": 780}, {"file_path": "images/image_3363.805944291.jpeg", "transform_matrix": [[-0.07653434144562134, -0.08519430128692872, -0.9934205683433968, -4.4680819489264865], [0.9968442729843938, -0.027593778691926453, -0.07443170558113044, 2.586208219158314], [-0.021071070160296676, -0.9959821857873429, 0.08703732300896469, -0.6396372209473427], [0.0, 0.0, 0.0, 1.0]], "colmap_im_id": 623}, {"file_path": "images/image_3279.061669541.jpeg", "transform_matrix": [[-0.6258724888970977, -0.06331342335054287, 0.7773512964325634, 4.491071286539251], [-0.7793662613500781, 0.08850527929059161, -0.6202862615010074, 2.872285724493036], [-0.029527246924728703, -0.9940614799705947, -0.1047373654801226, -0.5893024284090436], [0.0, 0.0, 0.0, 1.0]], "colmap_im_id": 284}, {"file_path": "images/image_3403.302057541.jpeg", "transform_matrix": [[0.7178250021341444, 0.04972568367510793, 0.6944455505611357, 1.755607083204443], [-0.6959458208651657, 0.07942000458029329, 0.7136889219350241, 1.1488371262557253], [-0.019664199231759924, -0.9956002306425552, 0.09161604670069731, -0.6262588381519114], [0.0, 0.0, 0.0, 1.0]], "colmap_im_id": 781}, {"file_path": "images/image_3398.050360958.jpeg", "transform_matrix": [[0.6018155806940887, 0.05392236258278339, 0.7968126414956825, 3.4778208771871744], [-0.7984948672944151, 0.05932190453270958, 0.5990716639493856, 2.3672254728842126], [-0.014965083972712798, -0.9967814657466814, 0.07875757617897333, -0.5892191656639125], [0.0, 0.0, 0.0, 1.0]], "colmap_im_id": 760}, {"file_path": "images/image_3312.072459333.jpeg", "transform_matrix": [[5.9991066059765035e-05, -0.066200228601779, -0.9978063570323373, -4.026314505722054], [0.9996021685297445, 0.02814672760963138, -0.001807317211114345, -1.362726890700766], [0.028204628551079493, -0.9974092898394027, 0.06617558061969848, -0.7203332962998364], [0.0, 0.0, 0.0, 1.0]], "colmap_im_id": 415}, {"file_path": "images/image_3260.555595333.jpeg", "transform_matrix": [[0.14770328840083485, 0.09399910541989258, -0.9845546743456354, -2.5442803938820973], [0.988912858811017, -0.029468974869964262, 0.14554359208956924, 1.5437148813438826], [-0.015332849500380132, -0.9951360448201912, -0.09730958856055943, -0.6560647262969375], [0.0, 0.0, 0.0, 1.0]], "colmap_im_id": 210}, {"file_path": "images/image_3376.309995541.jpeg", "transform_matrix": [[0.7156230935115859, -0.03213545787339854, -0.6977470174641914, -1.4706876114597371], [0.6955816131995397, 0.12379899207541187, 0.7077005220711922, 1.2137395087826433], [0.06363809717169079, -0.9917868328972606, 0.11094625131110701, -0.6723528794487833], [0.0, 0.0, 0.0, 1.0]], "colmap_im_id": 673}, {"file_path": "images/image_3369.807889666.jpeg", "transform_matrix": [[0.09950664322562805, -0.1099402078548846, -0.9889446792671428, -3.318038645650814], [0.9948835923044699, -0.006453124317244682, 0.10082159961982019, 1.458919271074317], [-0.01746613057665354, -0.9939172540424936, 0.10873558019024103, -0.6716449436394344], [0.0, 0.0, 0.0, 1.0]], "colmap_im_id": 647}, {"file_path": "images/image_3284.56347175.jpeg", "transform_matrix": [[0.6950197364661167, -0.07057310389080591, 0.7155186950246563, 2.911747271332633], [-0.7189904766926585, -0.0675139630955322, 0.6917330115097867, 2.11637647868856], [-0.0005102429159221621, -0.9952192229827319, -0.09766492644657092, -0.6033921403594198], [0.0, 0.0, 0.0, 1.0]], "colmap_im_id": 305}, {"file_path": "images/image_3369.057646541.jpeg", "transform_matrix": [[0.16944086848395912, -0.08064104992778845, -0.9822356199781932, -3.6228515165777186], [0.9855226042246964, 0.007882333458812103, 0.16936075513948412, 1.4081905434889495], [-0.0059151204192199455, -0.9967120396011017, 0.08080916695918915, -0.6696052089648107], [0.0, 0.0, 0.0, 1.0]], "colmap_im_id": 644}, {"file_path": "images/image_3310.8220515.jpeg", "transform_matrix": [[-0.361295261682755, -0.11049527244174602, -0.9258814873695302, -4.179724263037296], [0.9324251158560825, -0.03534756325048957, -0.3596303005768896, -1.2956043197833944], [0.00700979360329856, -0.9932478766855114, 0.11579947432247778, -0.7190717929248417], [0.0, 0.0, 0.0, 1.0]], "colmap_im_id": 410}, {"file_path": "images/image_3255.553949916.jpeg", "transform_matrix": [[0.7172681951226874, 0.05222436291680915, -0.6948373566406574, -4.290681749475488], [0.6964802851818486, -0.08380601102271718, 0.7126652544283826, 2.0596258264176988], [-0.021013058284154708, -0.9951126410785837, -0.096484625444436, -0.6599114429031587], [0.0, 0.0, 0.0, 1.0]], "colmap_im_id": 190}, {"file_path": "images/image_3279.811915291.jpeg", "transform_matrix": [[-0.42027215204850354, -0.07907483063050844, 0.9039460655223164, 4.031151019783814], [-0.9073703156471462, 0.04441955305521609, -0.41797848460031184, 2.7962277646458586], [-0.007101302339556145, -0.9958785440339254, -0.09041845518449732, -0.598628426969393], [0.0, 0.0, 0.0, 1.0]], "colmap_im_id": 287}, {"file_path": "images/image_3422.641631958.jpeg", "transform_matrix": [[-0.07965025251065645, 0.06546795304330692, 0.9946706914347622, -0.2757987881194089], [-0.9967534341968007, -0.017008383548736, -0.07869756226175288, -2.030129528143877], [0.011765572313833707, -0.9977097082886274, 0.06661012907020616, -0.6603486799989186], [0.0, 0.0, 0.0, 1.0]], "colmap_im_id": 859}, {"file_path": "images/image_3233.046521791.jpeg", "transform_matrix": [[-0.44724774407114953, -0.11621721199035531, 0.8868275001715137, 1.7516105121466192], [-0.8922712361161723, 0.12650545611096162, -0.4334148252815946, -0.6729267494729368], [-0.06181825477142735, -0.9851344726540363, -0.16027655525892892, -0.652296996478965], [0.0, 0.0, 0.0, 1.0]], "colmap_im_id": 100}, {"file_path": "images/image_3419.640663916.jpeg", "transform_matrix": [[0.41089219095142226, 0.07381142126409243, 0.9086910814496387, 0.39570526830250763], [-0.9116782819607225, 0.02975459711517036, 0.40982602912901805, -1.6932111910026748], [0.003212104650349778, -0.9968282389867815, 0.07951820132665649, -0.6494019666875929], [0.0, 0.0, 0.0, 1.0]], "colmap_im_id": 847}, {"file_path": "images/image_3255.303867666.jpeg", "transform_matrix": [[0.7838003800917983, 0.03444657744753881, -0.6200567695542909, -4.320245519957161], [0.620648202997845, -0.07766195777212159, 0.7802335729962835, 2.1343907132352373], [-0.021278446454057055, -0.9963844908553885, -0.08225067841270316, -0.655444089737454], [0.0, 0.0, 0.0, 1.0]], "colmap_im_id": 189}, {"file_path": "images/image_3329.044653583.jpeg", "transform_matrix": [[-0.2514496446868221, -0.08765009508878407, -0.9638934261721045, 2.1709608104408726], [0.9677816974428761, -0.036250438089812244, -0.24916759787918277, -2.951604562851438], [-0.013101995323474594, -0.9954915200890583, 0.09394131758347789, -0.7072463191668978], [0.0, 0.0, 0.0, 1.0]], "colmap_im_id": 484}, {"file_path": "images/image_3356.55359175.jpeg", "transform_matrix": [[-0.633364115753347, 0.09278575985681439, 0.7682712409323772, -4.938104285409294], [-0.7730016865385766, -0.02927700743206976, -0.6337280563809203, 1.8194442674899753], [-0.03630825642326309, -0.9952555750176015, 0.09026655478019782, -0.6658538477868771], [0.0, 0.0, 0.0, 1.0]], "colmap_im_id": 594}, {"file_path": "images/image_3384.562666291.jpeg", "transform_matrix": [[-0.013157766625106355, -0.05276366985001501, -0.9985203394630466, 1.217055110865601], [0.9996239593899889, 0.02333298271784437, -0.014405267473062863, 1.113741264788189], [0.024058532601157204, -0.9983343964130692, 0.05243681862614915, -0.6523914753464953], [0.0, 0.0, 0.0, 1.0]], "colmap_im_id": 706}, {"file_path": "images/image_3275.310439708.jpeg", "transform_matrix": [[-0.6413693695618832, 0.07854240586712967, -0.7632014296818341, 4.087742860824122], [0.7668807322724752, 0.09573618518712135, -0.6346089546445506, 1.4564634024952117], [0.023222279324488546, -0.992303216424506, -0.12163491446355003, -0.5995634919309577], [0.0, 0.0, 0.0, 1.0]], "colmap_im_id": 269}, {"file_path": "images/image_3323.292781625.jpeg", "transform_matrix": [[0.015392011402651564, -0.11200433498821769, -0.9935885038227985, -0.32495169367806515], [0.9993605845258585, -0.030349810559670683, 0.01890267428505435, -2.643565304699321], [-0.03227240432808496, -0.9932441381366613, 0.1114655730530525, -0.7219370743185328], [0.0, 0.0, 0.0, 1.0]], "colmap_im_id": 461}, {"file_path": "images/image_3232.046190625.jpeg", "transform_matrix": [[-0.42152923677911264, -0.11068753008780088, 0.9000340955894287, 2.1006148642942324], [-0.9053667779528591, 0.1074380901116208, -0.4108138923800232, -0.9371363533432763], [-0.051225969192167715, -0.9880310356847245, -0.14550110860090945, -0.651609218136339], [0.0, 0.0, 0.0, 1.0]], "colmap_im_id": 96}, {"file_path": "images/image_3216.79112625.jpeg", "transform_matrix": [[-0.007976100530863256, 0.1025757764653511, -0.9946932149677367, -2.581931054422624], [0.9998771977479403, -0.01260083237462359, -0.009317105086509268, -1.6053740772752854], [-0.013489671754641839, -0.9946453785676567, -0.10246267442320182, -0.6946705440112774], [0.0, 0.0, 0.0, 1.0]], "colmap_im_id": 35}, {"file_path": "images/image_3394.549229083.jpeg", "transform_matrix": [[-0.695234747155581, 0.05703553655985294, 0.7165162900568589, 4.330481381952075], [-0.7186503099685925, -0.03602134567943916, -0.6944380423317028, 2.450495476598728], [-0.013797765382875284, -0.9977221107226057, 0.06603189718361227, -0.5969051145228949], [0.0, 0.0, 0.0, 1.0]], "colmap_im_id": 746}, {"file_path": "images/image_3345.299938208.jpeg", "transform_matrix": [[-0.36076402916424327, 0.07208898535632013, 0.9298669224418497, -0.5315468274570253], [-0.9322725233674004, 0.0007560679716722491, -0.36175595438831637, 0.9064107354205173], [-0.026781662296436748, -0.9973979178600275, 0.06693381815735007, -0.6637501738303737], [0.0, 0.0, 0.0, 1.0]], "colmap_im_id": 549}, {"file_path": "images/image_3387.563637041.jpeg", "transform_matrix": [[-0.12986631166627038, -0.09880158377970875, -0.9865966694332696, 2.5259705990477594], [0.9912883749355296, 0.009096654094746186, -0.13139485759327643, 1.1278812799834819], [0.02195674866358809, -0.9950655746868655, 0.09675951251025552, -0.6416412810583625], [0.0, 0.0, 0.0, 1.0]], "colmap_im_id": 718}, {"file_path": "images/image_3424.642277291.jpeg", "transform_matrix": [[-0.293707815514255, 0.09265796919321627, 0.9513938300466491, -0.9072188669073504], [-0.9552524717487056, -0.06494440476557939, -0.28857397579759625, -2.0878108133408917], [0.03504902743060676, -0.9935777398043057, 0.10758643335260788, -0.6706702088786723], [0.0, 0.0, 0.0, 1.0]], "colmap_im_id": 867}, {"file_path": "images/image_3433.161689666.jpeg", "transform_matrix": [[-0.17995595139704113, 0.0878547376289478, 0.9797435381940187, -3.8533283879469242], [-0.983621546338819, -0.005720400376130141, -0.18015529577996567, -1.1320187777515265], [-0.010222970938818254, -0.9961168717051657, 0.08744523297183548, -0.6734119412833969], [0.0, 0.0, 0.0, 1.0]], "colmap_im_id": 902}, {"file_path": "images/image_3409.053914708.jpeg", "transform_matrix": [[-0.12475785354520051, 0.06863825347489909, 0.9898102182432296, 1.2464915149365214], [-0.9919753340578399, -0.029244707360456843, -0.12300277928664015, 1.257321666486637], [0.020504014232119696, -0.9972128846195866, 0.07173596133775792, -0.6445609456416708], [0.0, 0.0, 0.0, 1.0]], "colmap_im_id": 804}, {"file_path": "images/image_3320.541885708.jpeg", "transform_matrix": [[0.332199921087482, -0.11071144806482273, -0.9366889492765786, -1.2319166759331939], [0.9427234247717103, 0.0071109505354319215, 0.3334995933568435, -2.2599036084037145], [-0.030261474124174233, -0.9938271528036816, 0.10673253268783252, -0.701765616729521], [0.0, 0.0, 0.0, 1.0]], "colmap_im_id": 450}, {"file_path": "images/image_3315.523584125.jpeg", "transform_matrix": [[0.14144067047314357, -0.03075297592734921, -0.9894689440339799, -2.9553904315382407], [0.9896816757591439, -0.018735450684821325, 0.1420533827622881, -1.5237947506193776], [-0.022906710865598017, -0.9993514083440561, 0.027785702043881935, -0.6909641106147845], [0.0, 0.0, 0.0, 1.0]], "colmap_im_id": 429}, {"file_path": "images/image_3329.294735.jpeg", "transform_matrix": [[-0.3217976827770921, -0.06295720862719766, -0.944712994110468, 2.2570544027823543], [0.9466467149718302, -0.03983619517953037, -0.3198016175485376, -2.943310084681571], [-0.017499954066704584, -0.9972208719413617, 0.07241743003016167, -0.7005178309809283], [0.0, 0.0, 0.0, 1.0]], "colmap_im_id": 485}, {"file_path": "images/image_3231.79610775.jpeg", "transform_matrix": [[-0.4434312697199058, -0.14172574763079665, 0.8850324974220349, 2.1888307225288703], [-0.89587825255818, 0.1006692023909751, -0.43274457626094814, -1.0159918522607427], [-0.02776446700181375, -0.984773844163449, -0.17160888736790025, -0.662213131604765], [0.0, 0.0, 0.0, 1.0]], "colmap_im_id": 95}, {"file_path": "images/image_3213.540043208.jpeg", "transform_matrix": [[0.01816377703795804, 0.08915298453222649, -0.9958523096085642, -4.118413840615173], [0.9998349909772645, -0.001879434798769355, 0.018068163778611233, -1.4818721471069063], [-0.00026080875923290394, -0.9960161710905268, -0.08917241112001709, -0.6913047829662686], [0.0, 0.0, 0.0, 1.0]], "colmap_im_id": 22}, {"file_path": "images/image_3289.064945291.jpeg", "transform_matrix": [[0.8479962306075485, -0.034300244365467886, 0.5288911855115933, 1.330726745418842], [-0.5299441193144898, -0.040093591778743075, 0.8470842545474858, 0.8255347789145058], [-0.007850049641841677, -0.9986070283824108, -0.052176427492421726, -0.6498948441205142], [0.0, 0.0, 0.0, 1.0]], "colmap_im_id": 323}, {"file_path": "images/image_3354.052780166.jpeg", "transform_matrix": [[-0.17253054885033153, 0.13036554546305804, 0.9763390979928659, -4.020939438988229], [-0.9840202282869891, 0.02148125718307361, -0.1767561764461341, 1.4854598588103043], [-0.04401590661823962, -0.9912332622273903, 0.12457616071552517, -0.6101492857725032], [0.0, 0.0, 0.0, 1.0]], "colmap_im_id": 584}, {"file_path": "images/image_3343.299288458.jpeg", "transform_matrix": [[-0.4549191150536221, 0.021546468981405845, 0.890272064277692, 0.13101582539960813], [-0.8905043680871738, -0.003023436280711966, -0.4549646461547538, 0.49413525604226527], [-0.007111200777168064, -0.9997632762346744, 0.02056264370203881, -0.6683728023941466], [0.0, 0.0, 0.0, 1.0]], "colmap_im_id": 541}, {"file_path": "images/image_3344.049532.jpeg", "transform_matrix": [[-0.46657565740157037, 0.043525096852143876, 0.8834097134763145, -0.10077365462768816], [-0.8838442780325725, 0.01495657735153071, -0.46754207616321386, 0.6139790637536158], [-0.03356259986015841, -0.9989403719631814, 0.03149103289331304, -0.6573491919916581], [0.0, 0.0, 0.0, 1.0]], "colmap_im_id": 544}, {"file_path": "images/image_3363.055701.jpeg", "transform_matrix": [[-0.09863044554133137, -0.13004530319146715, -0.9865902160117737, -4.630401502930723], [0.9950539938989487, -0.024659023499473534, -0.09622620113983277, 2.579206007365325], [-0.011814585818792345, -0.9912013678753131, 0.1318342288028363, -0.6492137551173638], [0.0, 0.0, 0.0, 1.0]], "colmap_im_id": 620}, {"file_path": "images/image_3218.041542583.jpeg", "transform_matrix": [[0.059089268151907674, 0.15004132097312756, -0.9869123873930811, -2.0244368170881435], [0.9982436472194501, -0.013092285903809195, 0.05777726919665452, -1.5453294075988928], [-0.004251961345275076, -0.9885930376299702, -0.15055140907433068, -0.6959277334261993], [0.0, 0.0, 0.0, 1.0]], "colmap_im_id": 40}, {"file_path": "images/image_3299.818460416.jpeg", "transform_matrix": [[-0.08101863765910179, -0.07618315019117983, 0.9937968142325728, -1.9264732309538581], [-0.9965630415341851, -0.011079714116938408, -0.08209350877639651, -1.544112503015123], [0.017265126700854193, -0.997032280100316, -0.07502364852477081, -0.660403636627331], [0.0, 0.0, 0.0, 1.0]], "colmap_im_id": 366}, {"file_path": "images/image_3259.055101833.jpeg", "transform_matrix": [[0.09166129431596562, 0.08560736653861477, -0.9921036165233172, -3.1770983024833646], [0.9957616095818569, -0.01543510164447067, 0.09066738399322137, 1.503925123166367], [-0.007551424188279329, -0.996209383830301, -0.08665933049118571, -0.658573791463585], [0.0, 0.0, 0.0, 1.0]], "colmap_im_id": 204}, {"file_path": "images/image_3336.547094083.jpeg", "transform_matrix": [[-0.24333818812512492, 0.07184357685866183, 0.9672771198907452, 2.379236350614232], [-0.9686382993905785, 0.03367847698128989, -0.24618205690494385, -1.1596777241538678], [-0.05026301974324264, -0.9968471601265534, 0.061395180543069486, -0.684938247162207], [0.0, 0.0, 0.0, 1.0]], "colmap_im_id": 514}, {"file_path": "images/image_3299.56837875.jpeg", "transform_matrix": [[-0.02312632196727489, -0.08290099121091622, 0.9962894152245688, -1.792814446248356], [-0.9997211128200854, -0.0028493581123704096, -0.023443074459568985, -1.5271822143029559], [0.004782239437268476, -0.9965537149670332, -0.08281197601415831, -0.6668297418636575], [0.0, 0.0, 0.0, 1.0]], "colmap_im_id": 365}, {"file_path": "images/image_3271.559209375.jpeg", "transform_matrix": [[-0.19974283139863291, 0.11720130356357746, -0.9728137826675026, 2.1673849556391436], [0.9798266400652823, 0.030500963165288924, -0.1975080926553885, 1.1829182734355677], [0.006523551428259495, -0.9926396857314277, -0.12092930822499151, -0.6354685618055526], [0.0, 0.0, 0.0, 1.0]], "colmap_im_id": 254}, {"file_path": "images/image_3215.540709958.jpeg", "transform_matrix": [[0.000947481683125057, 0.1162675993339776, -0.9932174724719526, -3.215653719728737], [0.9999063649985984, 0.01344877153017127, 0.0025281969106231133, -1.532690085908487], [0.01365150225249119, -0.9931268679727898, -0.11624397015246564, -0.6824232828866779], [0.0, 0.0, 0.0, 1.0]], "colmap_im_id": 30}, {"file_path": "images/image_3312.822703791.jpeg", "transform_matrix": [[0.16320309558927598, -0.03227860540191618, -0.986064319009356, -3.933316624599438], [0.9864730899090309, -0.01021036965899577, 0.16360498536644824, -1.340546830065658], [-0.015349021969061297, -0.9994267556878462, 0.030175611673323662, -0.7200253518795647], [0.0, 0.0, 0.0, 1.0]], "colmap_im_id": 418}, {"file_path": "images/image_3261.055759833.jpeg", "transform_matrix": [[0.17305787184469992, 0.04827223434805647, -0.9837279930873318, -2.3058072742759386], [0.98479851850978, -0.023619562474739814, 0.1720871703801438, 1.4696766613490786], [-0.014928192573992399, -0.9985549096867673, -0.051625976086904335, -0.6624251833649768], [0.0, 0.0, 0.0, 1.0]], "colmap_im_id": 212}, {"file_path": "images/image_3415.889454.jpeg", "transform_matrix": [[0.9975846224547821, 0.01630407695504768, 0.06752109386254006, 0.8181419110977919], [-0.06891696726491732, 0.11082311023507953, 0.9914477746512065, -0.4964239121857303], [0.00868174318650258, -0.9937064029744739, 0.11167905812092226, -0.6461705460151806], [0.0, 0.0, 0.0, 1.0]], "colmap_im_id": 832}, {"file_path": "images/image_3394.299148375.jpeg", "transform_matrix": [[-0.7868663579250479, 0.057846686511843326, 0.614406295235792, 4.371549655510719], [-0.6170565918259383, -0.05909656039941424, -0.7846966031741921, 2.4257574457022835], [-0.009082799674543514, -0.9965748127504322, 0.08219577447480622, -0.6007296438996584], [0.0, 0.0, 0.0, 1.0]], "colmap_im_id": 745}, {"file_path": "images/image_3342.799125958.jpeg", "transform_matrix": [[-0.40890097821219046, 0.027880012488832564, 0.9121527804708681, 0.3913407915007816], [-0.9119017554151594, 0.026010898973619776, -0.40958347330591144, 0.4392593697985448], [-0.03514510617232247, -0.9992728046125374, 0.014787950295071803, -0.6666191781852755], [0.0, 0.0, 0.0, 1.0]], "colmap_im_id": 539}, {"file_path": "images/image_3376.059914708.jpeg", "transform_matrix": [[0.6891222131008541, -0.028312272796588225, -0.7240918385260758, -1.4882099435865697], [0.7214292379730552, 0.12083986717228737, 0.6818633155548116, 1.2233187323076353], [0.06819406138805446, -0.9922681803377934, 0.10369873808550784, -0.6744695753480173], [0.0, 0.0, 0.0, 1.0]], "colmap_im_id": 672}, {"file_path": "images/image_3254.303538291.jpeg", "transform_matrix": [[0.6785056800475953, 0.025902854951136263, -0.734138327734311, -4.3607222410090625], [0.7335705165860441, -0.07665775210398047, 0.6752761555379021, 2.5241118425838147], [-0.038785813628628374, -0.9967209394548433, -0.07101429090978963, -0.6471046868741153], [0.0, 0.0, 0.0, 1.0]], "colmap_im_id": 185}, {"file_path": "images/image_3209.288624083.jpeg", "transform_matrix": [[-0.009093008997784913, 0.08038143236330599, -0.996722700914647, -5.225300914965746], [0.9999549343797, 0.0034510270917971343, -0.00884418575682233, -1.5521587445901632], [0.0027288087246451305, -0.9967582032485284, -0.08040919014459326, -0.5555662343185377], [0.0, 0.0, 0.0, 1.0]], "colmap_im_id": 5}, {"file_path": "images/image_3347.300588041.jpeg", "transform_matrix": [[-0.15624034818841956, 0.08544941216677074, 0.984015930540921, -1.2368599454891933], [-0.9874898083813957, 0.007950154480186286, -0.15748229547036544, 1.2241090353706108], [-0.021279848233381006, -0.9963107913718964, 0.08313828874273149, -0.6511173357922675], [0.0, 0.0, 0.0, 1.0]], "colmap_im_id": 557}, {"file_path": "images/image_3215.290626583.jpeg", "transform_matrix": [[-0.019797329121254943, 0.132281884300619, -0.9910144140452966, -3.3537030527100438], [0.9997959705710231, -0.001356562848475763, -0.020153832568125248, -1.5501894288340683], [-0.004010360284388617, -0.9912112099966969, -0.13222803858211624, -0.6919259118748144], [0.0, 0.0, 0.0, 1.0]], "colmap_im_id": 29}, {"file_path": "images/image_3352.55229325.jpeg", "transform_matrix": [[-0.07257864633801261, 0.10635633059680107, 0.9916756884373671, -3.3469595429297145], [-0.9965208963934826, 0.033109838641199714, -0.07648425744088663, 1.4216212119375387], [-0.040968806998395634, -0.9937766698444566, 0.10358323863439717, -0.6286146217300121], [0.0, 0.0, 0.0, 1.0]], "colmap_im_id": 578}, {"file_path": "images/image_3332.045629958.jpeg", "transform_matrix": [[-0.9932748455427761, 0.03230406545970917, -0.11118241122924605, 3.001127354032659], [0.10863325515538552, -0.07213787097952995, -0.9914610145864969, -2.410206948497954], [-0.04004868395240018, -0.9968713933729445, 0.06814343686933648, -0.6859049247569445], [0.0, 0.0, 0.0, 1.0]], "colmap_im_id": 496}, {"file_path": "images/image_3333.296036625.jpeg", "transform_matrix": [[-0.9423653187430708, 0.058901928820150745, 0.3293602416982597, 2.9320805741961125], [-0.3327686002428637, -0.06254362656987043, -0.94093217261814, -1.9852724496154661], [-0.03482333589240542, -0.996302593370485, 0.07853965699295018, -0.6834131543552963], [0.0, 0.0, 0.0, 1.0]], "colmap_im_id": 501}, {"file_path": "images/image_3423.391874041.jpeg", "transform_matrix": [[-0.2597937822621448, 0.06688185839771753, 0.9633452173105946, -0.5139830067268948], [-0.9656036259012739, -0.029158340359153507, -0.2583784604679973, -2.1088242093097076], [0.010808716123664163, -0.9973347523298118, 0.07215652050224315, -0.6672232119063579], [0.0, 0.0, 0.0, 1.0]], "colmap_im_id": 862}, {"file_path": "images/image_3215.79079325.jpeg", "transform_matrix": [[0.022798121366579317, 0.11857173122390928, -0.9926837312138846, -3.070363685940276], [0.9996330992439786, 0.011822667885729835, 0.02436988756522495, -1.5065105491301671], [0.014625749828049601, -0.9928751024568139, -0.11825869254874485, -0.6926129381712206], [0.0, 0.0, 0.0, 1.0]], "colmap_im_id": 31}, {"file_path": "images/image_3375.05959075.jpeg", "transform_matrix": [[0.44183992074127926, -0.05777058367581569, -0.8952318381855595, -1.6113059117136619], [0.89635340142773, 0.06896853439225323, 0.4379428284750456, 1.1831406458351397], [0.03644261500329981, -0.9959447278466512, 0.08225591094979803, -0.6676016573426407], [0.0, 0.0, 0.0, 1.0]], "colmap_im_id": 668}, {"file_path": "images/image_3387.313556125.jpeg", "transform_matrix": [[-0.15286279191628985, -0.1092419086477027, -0.9821910059874119, 2.4194446921282586], [0.9882012316898211, -0.007287735140691795, -0.15298762892221007, 1.1195830479131053], [0.009554712673742834, -0.9939884779571272, 0.10906701221815931, -0.6500139220549466], [0.0, 0.0, 0.0, 1.0]], "colmap_im_id": 717}, {"file_path": "images/image_3425.142438541.jpeg", "transform_matrix": [[-0.3588642791335935, 0.059752664996161456, 0.9314751999853689, -1.063982562510873], [-0.932560249717905, -0.06501630910923724, -0.3551116165318888, -2.0522811893516217], [0.039342214070962014, -0.9960936193830723, 0.07905499109054388, -0.6664305148800276], [0.0, 0.0, 0.0, 1.0]], "colmap_im_id": 869}, {"file_path": "images/image_3257.054443708.jpeg", "transform_matrix": [[0.28633511961968994, 0.07104946935516562, -0.9554915866593107, -3.907742761379723], [0.9578523971958735, -0.0452107253742163, 0.2836807633542607, 1.6095157119953019], [-0.02304310001923977, -0.9964476720909565, -0.08100032299945932, -0.6723443015598985], [0.0, 0.0, 0.0, 1.0]], "colmap_im_id": 196}, {"file_path": "images/image_3414.639050541.jpeg", "transform_matrix": [[0.9978251571414417, 0.009724684876057937, -0.065194986614917, 0.9112175634437405], [0.06461412310752705, 0.051319366640593854, 0.9965898543044949, -0.08585244756493901], [0.0130372877050071, -0.9986349448680785, 0.050579403096786185, -0.6357488927479747], [0.0, 0.0, 0.0, 1.0]], "colmap_im_id": 827}, {"file_path": "images/image_3313.5729485.jpeg", "transform_matrix": [[0.10057388412249453, -0.050842206148831046, -0.9936296915382686, -3.6826519755242297], [0.9948609665313004, -0.006590612557232401, 0.1010357416884088, -1.4618723626937202], [-0.011685508329613185, -0.9986849522747602, 0.049918082846182335, -0.7071997114191858], [0.0, 0.0, 0.0, 1.0]], "colmap_im_id": 421}, {"file_path": "images/image_3221.042540541.jpeg", "transform_matrix": [[0.2778662683909556, 0.14367890284894008, -0.9498140395712257, -0.7512165549743615], [0.9605151582947455, -0.05614709708682202, 0.27250345717943253, -2.4559124521993136], [-0.01417630334414823, -0.9880303013394112, -0.153607148462065, -0.7098813028304742], [0.0, 0.0, 0.0, 1.0]], "colmap_im_id": 52}, {"file_path": "images/image_3227.794781875.jpeg", "transform_matrix": [[-0.8290316791623936, 0.09706703431867424, -0.5507126889710822, 2.4295764699602587], [0.5589779230654192, 0.11599253618998616, -0.821029483681119, -2.315147105283954], [-0.015816335563355592, -0.9884956865848189, -0.1504198162894613, -0.6760337520591113], [0.0, 0.0, 0.0, 1.0]], "colmap_im_id": 79}, {"file_path": "images/image_3439.163622916.jpeg", "transform_matrix": [[-0.106862764473774, -0.05084767591911363, -0.9929727405234484, -3.9099013898458734], [0.9923563378459619, 0.05653885622587487, -0.10969164267901524, -1.2598565391762253], [0.06171910811064601, -0.997104744543067, 0.04441711498658767, -0.6952991207497375], [0.0, 0.0, 0.0, 1.0]], "colmap_im_id": 922}, {"file_path": "images/image_3330.295060375.jpeg", "transform_matrix": [[-0.7116252619855958, -0.009750407183707576, -0.7024915772190327, 2.591803410311471], [0.7019072250363114, -0.052935576483586336, -0.7102985796016881, -2.909215957494988], [-0.030261096241827695, -0.9985503263742406, 0.044514174732780985, -0.6919035022382259], [0.0, 0.0, 0.0, 1.0]], "colmap_im_id": 489}, {"file_path": "images/image_3263.306499625.jpeg", "transform_matrix": [[-0.0984063690859808, 0.10944845037986821, -0.9891093080305932, -1.3574787119028178], [0.9950781724563822, -0.0008090739933676883, -0.09908973761263122, 1.2281878401196313], [-0.011645480847975708, -0.993992143886821, -0.10883014594817306, -0.6583943280777588], [0.0, 0.0, 0.0, 1.0]], "colmap_im_id": 221}, {"file_path": "images/image_3239.548672041.jpeg", "transform_matrix": [[-0.3113000394554036, -0.11394026969519938, 0.9434563584908682, -0.8984593497782023], [-0.9502669219774559, 0.046957580985095684, -0.3078762130849346, 1.0786275049389527], [-0.009222929608104271, -0.9923772470838967, -0.12289156618592909, -0.662843828263032], [0.0, 0.0, 0.0, 1.0]], "colmap_im_id": 126}, {"file_path": "images/image_3403.552138208.jpeg", "transform_matrix": [[0.707450120421605, 0.06408097485551355, 0.7038522258095257, 1.6785136089785273], [-0.7066226908101277, 0.08399292261823392, 0.702587760911263, 1.1480186489275925], [-0.014096096896345013, -0.9944037497976433, 0.10470187410297109, -0.631647561272404], [0.0, 0.0, 0.0, 1.0]], "colmap_im_id": 782}, {"file_path": "images/image_3406.303026625.jpeg", "transform_matrix": [[-0.5591483810885837, 0.05545861850097717, 0.8272106319190892, 1.4272567759613954], [-0.8277366818719196, -0.09385585334117659, -0.5532115908739293, 1.2318593084341678], [0.046958209183064106, -0.9940399491104784, 0.0983844813106061, -0.6484099557361758], [0.0, 0.0, 0.0, 1.0]], "colmap_im_id": 793}, {"file_path": "images/image_3285.563799333.jpeg", "transform_matrix": [[0.6997357022033586, -0.07289058953872261, 0.7106735600954002, 2.635933012809109], [-0.7143372427226206, -0.05801348449410353, 0.6973928156184982, 1.7756051403192996], [-0.009604723911538212, -0.9956512429428037, -0.09266256906126273, -0.613501258053432], [0.0, 0.0, 0.0, 1.0]], "colmap_im_id": 309}, {"file_path": "images/image_3258.554937375.jpeg", "transform_matrix": [[0.13091819839280588, 0.10922096728057774, -0.985358414809493, -3.398948589589031], [0.991393143035231, -0.014174987800954442, 0.1301487827