{
    "w": 640,
    "h": 640,
    "fl_x": 319.9499714867848,
    "fl_y": 341.7816292215334,
    "cx": 320.0,
    "cy": 320.0,
    "k1": 0.0009788218671713076,
    "k2": -0.0005360773119347045,
    "p1": -3.917024966974915e-05,
    "p2": 0.00014875130580077457,
    "camera_model": "OPENCV",
    "frames": [
        {
            "file_path": "images/DT_VID_20240223_084448_00_001IMG_100_perspective_view_back.JPG",
            "transform_matrix": [
                [
                    -0.0699089676196716,
                    0.03713927244749515,
                    0.9968617811353901,
                    1.512955048579135
                ],
                [
                    0.9960457024938559,
                    -0.052321775727074187,
                    0.07180104684673368,
                    -4.400842850997986
                ],
                [
                    0.05482421718431379,
                    0.9979394301393429,
                    -0.03333465138996828,
                    -0.2846058888875072
                ],
                [
                    0.0,
                    0.0,
                    0.0,
                    1.0
                ]
            ],
            "colmap_im_id": 1
        },
        {
            "file_path": "images/DT_VID_20240223_084448_00_001IMG_100_perspective_view_front.JPG",
            "transform_matrix": [
                [
                    0.07239690703465905,
                    0.03791745424705482,
                    -0.9966548823515776,
                    1.5079312030106733
                ],
                [
                    -0.9959102494155033,
                    -0.051405305465591446,
                    -0.07429851734145633,
                    -4.4054657071104755
                ],
                [
                    -0.05405055930297462,
                    0.9979577953167216,
                    0.03404079619550465,
                    -0.2829739482348863
                ],
                [
                    0.0,
                    0.0,
                    0.0,
                    1.0
                ]
            ],
            "colmap_im_id": 2
        },
        {
            "file_path": "images/DT_VID_20240223_084448_00_001IMG_100_perspective_view_left.JPG",
            "transform_matrix": [
                [
                    -0.996985584869933,
                    0.03537633514672526,
                    -0.06905257759956084,
                    1.5126087636046497
                ],
                [
                    -0.0707369379720323,
                    -0.048806851679463435,
                    0.9963002443217,
                    -4.40368387413299
                ],
                [
                    0.03187521243690233,
                    0.9981815496895969,
                    0.05116214119226167,
                    -0.2859863045842444
                ],
                [
                    0.0,
                    0.0,
                    0.0,
                    1.0
                ]
            ],
            "colmap_im_id": 3
        },
        {
            "file_path": "images/DT_VID_20240223_084448_00_001IMG_100_perspective_view_right.JPG",
            "transform_matrix": [
                [
                    0.9966557461358183,
                    0.037273370736914176,
                    0.07271877012411512,
                    1.5126300526966425
                ],
                [
                    0.07463241828983339,
                    -0.05281639602350354,
                    -0.9958114432217073,
                    -4.399436140242054
                ],
                [
                    -0.033276505746046875,
                    0.9979083746241418,
                    -0.05542156638291919,
                    -0.2842604048368692
                ],
                [
                    0.0,
                    0.0,
                    0.0,
                    1.0
                ]
            ],
            "colmap_im_id": 4
        },
        {
            "file_path": "images/DT_VID_20240223_084448_00_001IMG_101_perspective_view_back.JPG",
            "transform_matrix": [
                [
                    -0.07029688927624836,
                    0.034861154975251676,
                    0.9969167704637505,
                    1.4597817713554528
                ],
                [
                    0.9959798803330312,
                    -0.053170385106888325,
                    0.07209013884982127,
                    -4.429821468451481
                ],
                [
                    0.055519594107704046,
                    0.9979767582571135,
                    -0.030983296285888008,
                    -0.2829787187642952
                ],
                [
                    0.0,
                    0.0,
                    0.0,
                    1.0
                ]
            ],
            "colmap_im_id": 5
        },
        {
            "file_path": "images/DT_VID_20240223_084448_00_001IMG_101_perspective_view_front.JPG",
            "transform_matrix": [
                [
                    0.07372683952997042,
                    0.03579834281524621,
                    -0.996635756826236,
                    1.4541834457106004
                ],
                [
                    -0.995814581144932,
                    -0.05148537251288751,
                    -0.07551540502673935,
                    -4.435445326613764
                ],
                [
                    -0.054015489556841705,
                    0.9980319308864278,
                    0.031852657958848694,
                    -0.2820762635226115
                ],
                [
                    0.0,
                    0.0,
                    0.0,
                    1.0
                ]
            ],
            "colmap_im_id": 6
        },
        {
            "file_path": "images/DT_VID_20240223_084448_00_001IMG_101_perspective_view_left.JPG",
            "transform_matrix": [
                [
                    -0.997057718299338,
                    0.033142387918549884,
                    -0.06911937863417585,
                    1.4591411740928883
                ],
                [
                    -0.07068116575699292,
                    -0.04852797152802927,
                    0.9963178251876292,
                    -4.432708428405568
                ],
                [
                    0.029666128614140017,
                    0.9982718157407987,
                    0.05072773117948568,
                    -0.28517445116579015
                ],
                [
                    0.0,
                    0.0,
                    0.0,
                    1.0
                ]
            ],
            "colmap_im_id": 7
        },
        {
            "file_path": "images/DT_VID_20240223_084448_00_001IMG_101_perspective_view_right.JPG",
            "transform_matrix": [
                [
                    0.9966600059517445,
                    0.03562200865705696,
                    0.0734840461291094,
                    1.4584742348120356
                ],
                [
                    0.07531140373651192,
                    -0.05300368993083551,
                    -0.9957503709871023,
                    -4.428713007610585
                ],
                [
                    -0.031575702739679704,
                    0.997958757340679,
                    -0.055509401397808085,
                    -0.2826942775037981
                ],
                [
                    0.0,
                    0.0,
                    0.0,
                    1.0
                ]
            ],
            "colmap_im_id": 8
        },
        {
            "file_path": "images/DT_VID_20240223_084448_00_001IMG_102_perspective_view_back.JPG",
            "transform_matrix": [
                [
                    -0.07243678411794839,
                    0.03550224855014171,
                    0.9967409405931579,
                    1.4034218034030956
                ],
                [
                    0.9957126672128045,
                    -0.055066433297407555,
                    0.0743234301944188,
                    -4.457073047962121
                ],
                [
                    0.05752561741182978,
                    0.9978513307461119,
                    -0.0313612032550038,
                    -0.2803085670840083
                ],
                [
                    0.0,
                    0.0,
                    0.0,
                    1.0
                ]
            ],
            "colmap_im_id": 9
        },
        {
            "file_path": "images/DT_VID_20240223_084448_00_001IMG_102_perspective_view_front.JPG",
            "transform_matrix": [
                [
                    0.07614434310016754,
                    0.03601684257078303,
                    -0.9964460979225496,
                    1.398288956204714
                ],
                [
                    -0.9955503875601674,
                    -0.05289004153934002,
                    -0.07798762295881957,
                    -4.4634910580240135
                ],
                [
                    -0.055510943449414304,
                    0.9979506152897539,
                    0.03182930411048299,
                    -0.2798855067823352
                ],
                [
                    0.0,
                    0.0,
                    0.0,
                    1.0
                ]
            ],
            "colmap_im_id": 10
        },
        {
            "file_path": "images/DT_VID_20240223_084448_00_001IMG_102_perspective_view_left.JPG",
            "transform_matrix": [
                [
                    -0.9968728804813778,
                    0.03431322563510067,
                    -0.07118330357095579,
                    1.404760417487702
                ],
                [
                    -0.07289766872552811,
                    -0.05161021528278945,
                    0.9960031704632505,
                    -4.459288734910328
                ],
                [
                    0.03050229589954397,
                    0.99807764639079,
                    0.05395017812647023,
                    -0.28185565004236235
                ],
                [
                    0.0,
                    0.0,
                    0.0,
                    1.0
                ]
            ],
            "colmap_im_id": 11
        },
        {
            "file_path": "images/DT_VID_20240223_084448_00_001IMG_102_perspective_view_right.JPG",
            "transform_matrix": [
                [
                    0.9964316055916759,
                    0.036722028343487596,
                    0.0759970263387654,
                    1.4010353010901737
                ],
                [
                    0.07793354888354433,
                    -0.054546351522292785,
                    -0.995465246753508,
                    -4.455626169184993
                ],
                [
                    -0.032410142492915954,
                    0.9978357521004879,
                    -0.05721358661753624,
                    -0.27976193114765385
                ],
                [
                    0.0,
                    0.0,
                    0.0,
                    1.0
                ]
            ],
            "colmap_im_id": 12
        },
        {
            "file_path": "images/DT_VID_20240223_084448_00_001IMG_103_perspective_view_back.JPG",
            "transform_matrix": [
                [
                    -0.07514044117476784,
                    0.035886677610940956,
                    0.9965269993683609,
                    1.3523063181710953
                ],
                [
                    0.9954893672160038,
                    -0.05534788948831905,
                    0.07705537547159828,
                    -4.485663161266834
                ],
                [
                    0.05792092765090551,
                    0.9978220069226964,
                    -0.03156594115215575,
                    -0.27884867277575753
                ],
                [
                    0.0,
                    0.0,
                    0.0,
                    1.0
                ]
            ],
            "colmap_im_id": 13
        },
        {
            "file_path": "images/DT_VID_20240223_084448_00_001IMG_103_perspective_view_front.JPG",
            "transform_matrix": [
                [
                    0.07816171810363193,
                    0.03597089669279946,
                    -0.9962915438837187,
                    1.345986666127868
                ],
                [
                    -0.9953364080794492,
                    -0.05385569939756254,
                    -0.08003123386465458,
                    -4.49166466539953
                ],
                [
                    -0.05653477314527781,
                    0.9979006254299648,
                    0.03159368911502176,
                    -0.2782639361256702
                ],
                [
                    0.0,
                    0.0,
                    0.0,
                    1.0
                ]
            ],
            "colmap_im_id": 14
        },
        {
            "file_path": "images/DT_VID_20240223_084448_00_001IMG_103_perspective_view_left.JPG",
            "transform_matrix": [
                [
                    -0.9967646627591247,
                    0.03436786955018954,
                    -0.07265711676958893,
                    1.3543216379193581
                ],
                [
                    -0.07442061510113306,
                    -0.05316760190923595,
                    0.9958086051823364,
                    -4.487231092126389
                ],
                [
                    0.030360815579584362,
                    0.9979940158386733,
                    0.05555326477841157,
                    -0.279815039551617
                ],
                [
                    0.0,
                    0.0,
                    0.0,
                    1.0
                ]
            ],
            "colmap_im_id": 15
        },
        {
            "file_path": "images/DT_VID_20240223_084448_00_001IMG_103_perspective_view_right.JPG",
            "transform_matrix": [
                [
                    0.9962383332308328,
                    0.0367385216199601,
                    0.07848225551442974,
                    1.349731580459397
                ],
                [
                    0.08043646965680584,
                    -0.05513904394508058,
                    -0.9952334701877606,
                    -4.484753033153409
                ],
                [
                    -0.032235969825681776,
                    0.9978025690796762,
                    -0.05788674621530854,
                    -0.2781761737277643
                ],
                [
                    0.0,
                    0.0,
                    0.0,
                    1.0
                ]
            ],
            "colmap_im_id": 16
        },
        {
            "file_path": "images/DT_VID_20240223_084448_00_001IMG_104_perspective_view_back.JPG",
            "transform_matrix": [
                [
                    -0.07741046502712869,
                    0.03543541347026301,
                    0.9963693850056189,
                    1.293313615270842
                ],
                [
                    0.9953146536713567,
                    -0.05532507414466717,
                    0.07929613078803997,
                    -4.505895830909376
                ],
                [
                    0.05793410128197855,
                    0.9978393997247647,
                    -0.030986646568657104,
                    -0.27671219158308213
                ],
                [
                    0.0,
                    0.0,
                    0.0,
                    1.0
                ]
            ],
            "colmap_im_id": 17
        },
        {
            "file_path": "images/DT_VID_20240223_084448_00_001IMG_104_perspective_view_front.JPG",
            "transform_matrix": [
                [
                    0.08031978585222732,
                    0.03629088378715576,
                    -0.9961082791316412,
                    1.286515330810225
                ],
                [
                    -0.9951693198762006,
                    -0.05367716411255124,
                    -0.08219967658071736,
                    -4.510872435323108
                ],
                [
                    -0.0564513664829527,
                    0.9978986590865735,
                    0.031804235809495054,
                    -0.27665588917993655
                ],
                [
                    0.0,
                    0.0,
                    0.0,
                    1.0
                ]
            ],
            "colmap_im_id": 18
        },
        {
            "file_path": "images/DT_VID_20240223_084448_00_001IMG_104_perspective_view_left.JPG",
            "transform_matrix": [
                [
                    -0.9967166295408759,
                    0.033878507863528855,
                    -0.07354051333528172,
                    1.2965979614294998
                ],
                [
                    -0.07522672798450197,
                    -0.05152397242794398,
                    0.9958344338603632,
                    -4.5063885547540306
                ],
                [
                    0.029948285316887212,
                    0.9980969526905616,
                    0.05390336943450786,
                    -0.27896732858271434
                ],
                [
                    0.0,
                    0.0,
                    0.0,
                    1.0
                ]
            ],
            "colmap_im_id": 19
        },
        {
            "file_path": "images/DT_VID_20240223_084448_00_001IMG_104_perspective_view_right.JPG",
            "transform_matrix": [
                [
                    0.9960468064610487,
                    0.03700869190214324,
                    0.08075342755845494,
                    1.2907238816242774
                ],
                [
                    0.0827266812317314,
                    -0.0553133745258411,
                    -0.9950360429707796,
                    -4.504324400152976
                ],
                [
                    -0.032358237763047144,
                    0.997782935974682,
                    -0.058156316308839905,
                    -0.27679444580564716
                ],
                [
                    0.0,
                    0.0,
                    0.0,
                    1.0
                ]
            ],
            "colmap_im_id": 20
        },
        {
            "file_path": "images/DT_VID_20240223_084448_00_001IMG_105_perspective_view_back.JPG",
            "transform_matrix": [
                [
                    -0.07982678237963967,
                    0.037402660387861296,
                    0.9961067843413293,
                    1.232727806741979
                ],
                [
                    0.9951568642382798,
                    -0.0545156745157813,
                    0.0817976576163573,
                    -4.533221100712006
                ],
                [
                    0.057362883246460654,
                    0.9978121477652994,
                    -0.03286970333990283,
                    -0.27773714691604146
                ],
                [
                    0.0,
                    0.0,
                    0.0,
                    1.0
                ]
            ],
            "colmap_im_id": 21
        },
        {
            "file_path": "images/DT_VID_20240223_084448_00_001IMG_105_perspective_view_front.JPG",
            "transform_matrix": [
                [
                    0.08276492384967261,
                    0.038209368616019354,
                    -0.9958363377232841,
                    1.2262651116423582
                ],
                [
                    -0.9948979331654528,
                    -0.05467750949198046,
                    -0.08478486031635615,
                    -4.536495535897094
                ],
                [
                    -0.05768942678920928,
                    0.997772726679638,
                    0.03348904195424108,
                    -0.2755972820708503
                ],
                [
                    0.0,
                    0.0,
                    0.0,
                    1.0
                ]
            ],
            "colmap_im_id": 22
        },
        {
            "file_path": "images/DT_VID_20240223_084448_00_001IMG_105_perspective_view_left.JPG",
            "transform_matrix": [
                [
                    -0.9967772420346422,
                    0.03392076230993606,
                    -0.07269464661255308,
                    1.2378945995334796
                ],
                [
                    -0.07434416582366689,
                    -0.05020610969253099,
                    0.995968017336663,
                    -4.53196016437646
                ],
                [
                    0.030134278982485628,
                    0.9981626763378073,
                    0.05256611833064487,
                    -0.27906541260876694
                ],
                [
                    0.0,
                    0.0,
                    0.0,
                    1.0
                ]
            ],
            "colmap_im_id": 23
        },
        {
            "file_path": "images/DT_VID_20240223_084448_00_001IMG_105_perspective_view_right.JPG",
            "transform_matrix": [
                [
                    0.9959216372648954,
                    0.03731093552381166,
                    0.08214612905029683,
                    1.2310331204771654
                ],
                [
                    0.08412437293250817,
                    -0.054970166291102934,
                    -0.9949378727823366,
                    -4.531159178482322
                ],
                [
                    -0.03260647644751487,
                    0.9977906468334259,
                    -0.057884737067824696,
                    -0.276424832904727
                ],
                [
                    0.0,
                    0.0,
                    0.0,
                    1.0
                ]
            ],
            "colmap_im_id": 24
        },
        {
            "file_path": "images/DT_VID_20240223_084448_00_001IMG_106_perspective_view_back.JPG",
            "transform_matrix": [
                [
                    -0.0805509764302802,
                    0.037042521338037815,
                    0.9960619417531468,
                    1.1721745780848363
                ],
                [
                    0.9951178648315395,
                    -0.05418384679873825,
                    0.08248967110619528,
                    -4.543332181970714
                ],
                [
                    0.057026093056125216,
                    0.9978436562703659,
                    -0.032497112975497865,
                    -0.27876247129464665
                ],
                [
                    0.0,
                    0.0,
                    0.0,
                    1.0
                ]
            ],
            "colmap_im_id": 25
        },
        {
            "file_path": "images/DT_VID_20240223_084448_00_001IMG_106_perspective_view_front.JPG",
            "transform_matrix": [
                [
                    0.08316532319738078,
                    0.03824625703494926,
                    -0.9958015629834547,
                    1.1665576926661319
                ],
                [
                    -0.9948226735223156,
                    -0.05538052189222525,
                    -0.08521059817215342,
                    -4.546318628591171
                ],
                [
                    -0.05840699669891129,
                    0.997732540121731,
                    0.033442504673723394,
                    -0.2764200731137532
                ],
                [
                    0.0,
                    0.0,
                    0.0,
                    1.0
                ]
            ],
            "colmap_im_id": 26
        },
        {
            "file_path": "images/DT_VID_20240223_084448_00_001IMG_106_perspective_view_left.JPG",
            "transform_matrix": [
                [
                    -0.9962706554001793,
                    0.034541474027718115,
                    -0.07906748864412635,
                    1.17359155901645
                ],
                [
                    -0.0808923811708878,
                    -0.05508707274513123,
                    0.9951993956413338,
                    -4.541268872669191
                ],
                [
                    0.030020057578232073,
                    0.9978839115790799,
                    0.057675776151123764,
                    -0.27664777134095403
                ],
                [
                    0.0,
                    0.0,
                    0.0,
                    1.0
                ]
            ],
            "colmap_im_id": 27
        },
        {
            "file_path": "images/DT_VID_20240223_084448_00_001IMG_106_perspective_view_right.JPG",
            "transform_matrix": [
                [
                    0.9959331126453087,
                    0.036775623468000604,
                    0.08224833527292068,
                    1.170630069766066
                ],
                [
                    0.08419841425541356,
                    -0.055061952535194504,
                    -0.9949265341822409,
                    -4.5415829729918675
                ],
                [
                    -0.0320602896665126,
                    0.9978054594466558,
                    -0.05793447095596433,
                    -0.27729930412827525
                ],
                [
                    0.0,
                    0.0,
                    0.0,
                    1.0
                ]
            ],
            "colmap_im_id": 28
        },
        {
            "file_path": "images/DT_VID_20240223_084448_00_001IMG_107_perspective_view_back.JPG",
            "transform_matrix": [
                [
                    -0.08247049283958602,
                    0.035401007116187176,
                    0.9959645508279673,
                    1.1143542520950727
                ],
                [
                    0.9948376588297585,
                    -0.05637280163497733,
                    0.08438092088824323,
                    -4.564570749219566
                ],
                [
                    0.05913248164012946,
                    0.9977819781550392,
                    -0.030569162306098456,
                    -0.2785645539238314
                ],
                [
                    0.0,
                    0.0,
                    0.0,
                    1.0
                ]
            ],
            "colmap_im_id": 29
        },
        {
            "file_path": "images/DT_VID_20240223_084448_00_001IMG_107_perspective_view_front.JPG",
            "transform_matrix": [
                [
                    0.08485277521453048,
                    0.03699891542442369,
                    -0.9957063255778827,
                    1.1076323631030676
                ],
                [
                    -0.9946353838520375,
                    -0.056192617049742724,
                    -0.08684954218998943,
                    -4.5669545310238675
                ],
                [
                    -0.059164683113341755,
                    0.9977341680259916,
                    0.032032330942042726,
                    -0.27579539498272215
                ],
                [
                    0.0,
                    0.0,
                    0.0,
                    1.0
                ]
            ],
            "colmap_im_id": 30
        },
        {
            "file_path": "images/DT_VID_20240223_084448_00_001IMG_107_perspective_view_left.JPG",
            "transform_matrix": [
                [
                    -0.9960842178413398,
                    0.03351663144977254,
                    -0.08180994061644398,
                    1.1142505332856452
                ],
                [
                    -0.08362496326770937,
                    -0.05690115661888573,
                    0.9948714107330188,
                    -4.563273706344274
                ],
                [
                    0.028689658169455852,
                    0.9978170642916933,
                    0.05948117115883495,
                    -0.27737679096220513
                ],
                [
                    0.0,
                    0.0,
                    0.0,
                    1.0
                ]
            ],
            "colmap_im_id": 31
        },
        {
            "file_path": "images/DT_VID_20240223_084448_00_001IMG_107_perspective_view_right.JPG",
            "transform_matrix": [
                [
                    0.9957715236469781,
                    0.03570962463115216,
                    0.08463979798226244,
                    1.1122574676062762
                ],
                [
                    0.08657831981169561,
                    -0.05677083673318137,
                    -0.994626194424417,
                    -4.562477055410205
                ],
                [
                    -0.030712655898826824,
                    0.9977484125797027,
                    -0.05962246189418534,
                    -0.2774997677595438
                ],
                [
                    0.0,
                    0.0,
                    0.0,
                    1.0
                ]
            ],
            "colmap_im_id": 32
        },
        {
            "file_path": "images/DT_VID_20240223_084448_00_001IMG_108_perspective_view_back.JPG",
            "transform_matrix": [
                [
                    -0.08542299062489721,
                    0.03604427509370818,
                    0.9956925845388566,
                    1.0562719971912116
                ],
                [
                    0.9946926680119752,
                    -0.05444091536033326,
                    0.08730797751607597,
                    -4.5778440683489485
                ],
                [
                    0.05735336847925609,
                    0.9978662219795287,
                    -0.031202470357081593,
                    -0.27814993673061644
                ],
                [
                    0.0,
                    0.0,
                    0.0,
                    1.0
                ]
            ],
            "colmap_im_id": 33
        },
        {
            "file_path": "images/DT_VID_20240223_084448_00_001IMG_108_perspective_view_front.JPG",
            "transform_matrix": [
                [
                    0.08789016374568387,
                    0.03619852331675058,
                    -0.9954722427202294,
                    1.0554036423092137
                ],
                [
                    -0.9943576674840279,
                    -0.05640141655750211,
                    -0.08984269211254872,
                    -4.577401383605492
                ],
                [
                    -0.05939821741837024,
                    0.9977517462375066,
                    0.03103714947488293,
                    -0.27629521336998775
                ],
                [
                    0.0,
                    0.0,
                    0.0,
                    1.0
                ]
            ],
            "colmap_im_id": 34
        },
        {
            "file_path": "images/DT_VID_20240223_084448_00_001IMG_108_perspective_view_left.JPG",
            "transform_matrix": [
                [
                    -0.9957333608119932,
                    0.033270685619375025,
                    -0.0860705271534261,
                    1.056286448864963
                ],
                [
                    -0.08780023864532022,
                    -0.05459316862913696,
                    0.9946409925359272,
                    -4.57466124205048
                ],
                [
                    0.028393524963920287,
                    0.9979542311235756,
                    0.057281413413740996,
                    -0.2757439717309067
                ],
                [
                    0.0,
                    0.0,
                    0.0,
                    1.0
                ]
            ],
            "colmap_im_id": 35
        },
        {
            "file_path": "images/DT_VID_20240223_084448_00_001IMG_108_perspective_view_right.JPG",
            "transform_matrix": [
                [
                    0.9956222297648119,
                    0.034791463750963154,
                    0.08675211610220039,
                    1.0569786765224651
                ],
                [
                    0.08859071791853086,
                    -0.05533930814016335,
                    -0.9945296605296634,
                    -4.576153862358056
                ],
                [
                    -0.02980034054878458,
                    0.9978612704302303,
                    -0.058179246115285806,
                    -0.27627152268623795
                ],
                [
                    0.0,
                    0.0,
                    0.0,
                    1.0
                ]
            ],
            "colmap_im_id": 36
        },
        {
            "file_path": "images/DT_VID_20240223_084448_00_001IMG_109_perspective_view_back.JPG",
            "transform_matrix": [
                [
                    -0.08556536751759837,
                    0.03821052037149639,
                    0.995599580159874,
                    0.9974647740877737
                ],
                [
                    0.9947749635768736,
                    -0.05257714144110627,
                    0.08751237648762389,
                    -4.588403798526158
                ],
                [
                    0.05568967338931014,
                    0.9978855647471915,
                    -0.03351208658037568,
                    -0.2748550584937599
                ],
                [
                    0.0,
                    0.0,
                    0.0,
                    1.0
                ]
            ],
            "colmap_im_id": 37
        },
        {
            "file_path": "images/DT_VID_20240223_084448_00_001IMG_109_perspective_view_front.JPG",
            "transform_matrix": [
                [
                    0.08803397139201964,
                    0.03704449569984751,
                    -0.9954284129053645,
                    1.0011844098326559
                ],
                [
                    -0.9944348326134075,
                    -0.05479088689278815,
                    -0.08998512320737131,
                    -4.585858449509228
                ],
                [
                    -0.057873859091071164,
                    0.9978104349283213,
                    0.03201487751126287,
                    -0.27394941366938214
                ],
                [
                    0.0,
                    0.0,
                    0.0,
                    1.0
                ]
            ],
            "colmap_im_id": 38
        },
        {
            "file_path": "images/DT_VID_20240223_084448_00_001IMG_109_perspective_view_left.JPG",
            "transform_matrix": [
                [
                    -0.9955444195047174,
                    0.03428833073356901,
                    -0.08783859725952074,
                    0.99770467403735
                ],
                [
                    -0.08956641491940513,
                    -0.05261036109839849,
                    0.9945903715719255,
                    -4.5837890818482885
                ],
                [
                    0.029481623284681298,
                    0.998026282359639,
                    0.05544703425701534,
                    -0.27186865644359354
                ],
                [
                    0.0,
                    0.0,
                    0.0,
                    1.0
                ]
            ],
            "colmap_im_id": 39
        },
        {
            "file_path": "images/DT_VID_20240223_084448_00_001IMG_109_perspective_view_right.JPG",
            "transform_matrix": [
                [
                    0.9955606239569699,
                    0.03659591321105737,
                    0.08671668330060575,
                    0.9999254605889181
                ],
                [
                    0.08860292540658674,
                    -0.05352367233042427,
                    -0.9946279395380266,
                    -4.586514103916615
                ],
                [
                    -0.03175792241006364,
                    0.9978957639135032,
                    -0.05652856559017084,
                    -0.2725952187258773
                ],
                [
                    0.0,
                    0.0,
                    0.0,
                    1.0
                ]
            ],
            "colmap_im_id": 40
        },
        {
            "file_path": "images/DT_VID_20240223_084448_00_001IMG_10_perspective_view_back.JPG",
            "transform_matrix": [
                [
                    0.09652396284070852,
                    0.019110743275468977,
                    0.9951471770994399,
                    1.8620427454066435
                ],
                [
                    0.9933308065937199,
                    -0.06519746584233654,
                    -0.09509573660058006,
                    1.048018621189836
                ],
                [
                    0.0630637238782731,
                    0.9976893654535945,
                    -0.025276407802701156,
                    -0.021530591635763936
                ],
                [
                    0.0,
                    0.0,
                    0.0,
                    1.0
                ]
            ],
            "colmap_im_id": 41
        },
        {
            "file_path": "images/DT_VID_20240223_084448_00_001IMG_10_perspective_view_front.JPG",
            "transform_matrix": [
                [
                    -0.09870988109543151,
                    0.026269763079243103,
                    -0.994769450134998,
                    1.856777178180233
                ],
                [
                    -0.9932522833696789,
                    -0.06375745479355228,
                    0.09687563439362425,
                    1.0494977993497479
                ],
                [
                    -0.060879068283317114,
                    0.9976196101250258,
                    0.0323859929436576,
                    -0.016863799519516876
                ],
                [
                    0.0,
                    0.0,
                    0.0,
                    1.0
                ]
            ],
            "colmap_im_id": 42
        },
        {
            "file_path": "images/DT_VID_20240223_084448_00_001IMG_10_perspective_view_left.JPG",
            "transform_matrix": [
                [
                    -0.9950664607572436,
                    0.017860343076797486,
                    0.09758968603921005,
                    1.8617811008033758
                ],
                [
                    0.0962395873415425,
                    -0.06515029279567475,
